gene	associated	HiC	Density	numPeaks	concDMSO	concNutlin
PGM2L1	0	1	1	1	9.99	9.5
UBE2Q2	0	1	1	2	10.53	10.64
RNF11	0	2	1	1	7.17	5.2
RNF13	0	2	1	1	7.1	7.77
B2M	0	3	1	1	7.93	7.85
PRNP	0	1	1	1	9.23	9.7
FIG4	0	2	1	1	-0.08	6.93
EMILIN1	1	1	2	2	12.26	12.51
SPTLC1	0	2	1	3	9.8	9.59
C2CD2	0	1	1	1	9.89	9.3
JRKL	0	2	1	1	7.3	6.24
FAM84B	0	2	1	1	-0.08	-0.15
POLR3GL	0	1	1	1	11.55	11.58
FAM84A	0	5	1	2	-0.08	-0.15
GOLIM4	0	5	1	2	-0.08	3.7
MEG3	1	1	2	1	10.95	11.2
HIPK3	0	1	1	1	8.88	8.74
COL7A1	1	1	2	3	12.62	13.25
KLLN	0	2	1	3	8.73	8.24
BAK1	1	1	2	1	12.14	12.53
CTBP2	0	2	1	2	5.07	-0.15
ATP2A2	0	1	1	2	10.52	10.29
ITGA1	0	2	1	1	-0.08	5.7
ITGA2	0	2	1	3	8.1	8.39
ITGA3	1	1	2	3	12.6	12.78
MFSD10	0	1	1	1	11.53	11.56
GTF3C6	0	2	1	1	7.57	8.08
DENND4C	0	2	1	1	4.48	4.8
IQSEC3	0	1	1	3	10.61	10.5
UFSP1	1	1	2	1	11.98	12.44
PHLDA3	0	1	2	3	10.87	11.1
BACH1	0	3	1	2	7.89	7.5
WSB1	0	2	1	2	8	7.85
FBXL19	1	1	2	2	12.04	12.24
KSR1	0	3	1	2	9.43	9.4
XPOT	0	3	1	1	6.99	7.56
FAM212B	0	2	1	1	7.62	7.62
THSD1	0	2	1	3	3.84	4.26
COL4A2	0	1	1	3	10.98	11.04
COL4A1	0	1	1	3	10.98	11.04
GRN	1	1	2	2	12.03	12.35
CHST2	0	2	1	2	-0.08	-0.15
GARS	0	2	1	1	6.33	-0.15
RPS6KA2	0	5	1	1	-0.08	-0.15
KCNH1	0	2	1	1	-0.08	-0.15
SFT2D1	0	2	1	1	-0.08	-0.15
ATAD1	0	1	1	3	8.73	8.24
TCIRG1	1	1	2	2	12.29	12.58
TMEM198B	0	1	2	1	11.35	11.35
CCNG1	0	2	1	2	7.03	6.56
SESN1	0	2	1	2	6.12	7.62
SESN3	0	2	1	1	-0.08	-0.15
LRPAP1	1	3	1	2	10.96	11.48
ZNF706	0	2	1	2	7.74	8.05
SHROOM3	0	3	1	1	-0.08	4.38
IGF2R	0	2	1	1	-0.08	-0.15
CYFIP2	0	5	1	1	-0.08	-0.15
SLC36A1	0	2	1	1	-0.08	6
SZT2	1	1	1	1	12.27	12.54
RNF111	0	2	1	2	-0.08	6.95
BFAR	0	1	1	1	10.36	10.07
NIPSNAP1	0	1	1	2	11.12	11.17
BDKRB2	0	2	1	3	9.65	9.15
RAB11FIP5	0	1	1	1	9.47	9.23
CTHRC1	0	2	1	3	8.09	8.1
SPHK1	1	1	2	1	11.91	12.2
CUEDC1	0	1	2	2	10.77	10.73
CPEB4	0	2	1	1	-0.08	5.13
CPEB2	0	3	1	2	-0.08	4.49
ARL15	0	2	1	1	-0.08	7
ZNF780A	0	3	2	1	10.44	10.32
ZNF780B	0	3	2	1	10.44	10.32
RGS20	0	3	1	2	7.56	5.82
TP53TG1	0	2	1	3	-0.08	6.24
EEA1	0	2	1	3	8.83	8.22
CLIP2	0	1	1	2	11.28	11.35
CLIP4	0	2	1	1	7.37	7.72
CD46	0	2	1	1	-0.08	-0.15
NIPAL3	0	1	1	3	10.7	10.9
CALR	1	1	2	1	12.39	12.72
ATP6V0E1	0	2	1	1	10.56	10.5
PCK2	1	1	2	1	11.44	11.77
TRIM13	0	2	1	1	8.18	7.36
SYTL3	0	2	1	1	8.87	8.8
SYTL2	0	2	1	1	8.18	7.48
PPP2R3C	0	1	1	1	8.79	8.28
SPRED3	1	1	2	2	11.61	11.97
BRK1	0	2	2	1	10.47	10.41
RCBTB1	0	1	1	1	8.34	7.52
ARL2BP	0	1	2	1	11.21	11.16
ASB1	0	2	1	3	9.53	9.56
VOPP1	0	2	1	1	-0.08	-0.15
CRISPLD2	0	1	1	2	11.2	11.33
MRPL39	0	3	1	1	-0.08	-0.15
ARRDC3	0	2	1	1	-0.08	-0.15
ZNF672	0	2	2	3	-0.08	-0.15
RAB27B	0	3	1	1	-0.08	5.45
MANBA	0	2	1	3	-0.08	-0.15
ZNF841	0	3	2	1	10.42	10.2
RFX7	0	5	1	3	-0.08	-0.15
ELK3	0	2	1	1	5.94	6.96
HSD3B7	1	1	2	2	12.2	12.48
UQCRC2	0	2	1	1	9.91	9.9
DBT	0	2	1	1	6.7	5.83
UQCRC1	1	1	2	3	12.5	13.04
RETSAT	0	1	1	1	10.96	10.69
IL10RB	0	1	1	2	8.29	7.78
KCNG1	0	1	1	2	10.22	10.2
COPS6	1	1	2	2	12.2	12.47
SERINC3	0	1	2	2	10.21	9.97
ZNF596	0	3	1	2	-0.08	-0.15
MED8	1	1	1	1	12.27	12.54
ZNF600	0	3	2	1	10.57	10.39
TKT	0	1	2	3	9.78	9.89
CAMTA2	1	1	2	2	12.55	12.82
TNS3	0	1	1	1	10.51	10.09
TRAF3IP2	0	1	1	3	9.34	8.48
CCDC90B	0	2	1	1	-0.08	-0.15
TMEM45A	0	2	1	1	6.71	7.32
IGFBP3	0	2	1	1	9.64	9.06
TK2	0	1	2	1	10.54	10.71
IGFBP7	0	1	1	3	-0.08	5.18
IGFBP5	0	2	1	3	9.76	9.57
PHLDB1	1	1	2	1	11.71	12.01
EPS8L2	1	1	2	2	12.5	12.89
GJA3	0	3	1	1	5.24	6.8
SHISA5	1	1	2	3	12.62	13.25
MEF2A	0	2	1	2	7.08	7.76
TRIM3	0	2	2	1	9.9	9.61
KDM3A	0	3	1	1	6.22	7.43
TRIM5	0	2	2	1	-0.08	5.29
ZNF337	0	3	1	1	-0.08	5.8
AMPD3	0	1	1	1	10.24	10.2
RPLP2	1	1	2	2	12.85	13.34
TXNIP	0	1	1	1	11.34	11.44
BET1	0	2	1	1	9.08	8.23
TMEM14C	0	2	1	1	-0.08	-0.15
TMEM14A	0	3	1	2	8.29	8
ALCAM	0	5	1	1	-0.08	5.86
CSF1R	0	2	1	1	11.8	11.74
FAM177B	0	2	1	1	8.15	6.62
FBXW7	0	2	1	2	-0.08	-0.15
CLIC4	0	1	1	1	11.04	10.95
EVC	0	1	1	1	9.33	9.49
PHACTR2	0	2	1	1	-0.08	-0.15
CELSR1	0	1	1	1	10.57	10.64
PTCHD4	0	4	1	1	-0.08	-0.15
FOXL1	0	1	1	3	11.66	11.59
LRRC32	0	1	1	1	10.54	10.48
SECISBP2L	0	1	1	2	8.93	8.73
F2RL1	0	2	1	2	-0.08	-0.15
SH3PXD2A	0	2	1	1	9.67	9.02
VMP1	0	1	1	1	10.4	10.05
SVIL	0	1	1	3	9.57	9.22
PRDX5	1	1	2	2	12.46	12.77
ZMAT3	0	2	1	1	-0.08	-0.15
AP3S1	0	2	1	1	-0.08	-0.15
NR1D1	0	1	2	3	11.94	12.04
SMOC1	0	3	1	3	-0.08	-0.15
SWAP70	0	1	1	3	10.18	9.63
PHLDA1	0	2	1	2	10.07	9.73
FYN	0	2	1	1	8.25	7.94
RRS1	0	2	1	1	9.57	9.09
VASN	1	1	2	1	12.03	12.28
NINJ1	0	2	1	2	8.73	7.57
RUFY3	0	2	2	2	3.93	5.11
RUFY2	0	1	1	2	8.9	7.67
OSTC	0	2	1	2	-0.08	-0.15
VASP	1	1	2	2	12.37	12.66
BCKDHB	0	2	1	1	-0.08	-0.15
ZSCAN30	0	3	1	2	-0.08	6.15
CKB	0	1	1	1	11.47	11.68
TIGAR	0	1	2	1	12.05	12.11
TXNDC9	0	1	1	2	8.48	7.48
CPPED1	0	3	1	1	3.65	-0.15
TTC30A	0	5	1	1	-0.08	-0.15
FAM46A	0	2	1	1	-0.08	5.92
TECPR1	0	2	1	2	10.38	10.69
PSD4	0	3	1	2	-0.08	5.99
WDR63	0	2	1	1	-0.08	5.83
CUL7	1	1	2	1	12.11	12.3
LYPLA2	1	1	1	2	11.39	11.69
FLCN	0	2	1	2	10.87	10.88
PRMT2	0	1	1	1	0.0	0.0
TRIM21	0	5	2	1	-0.08	-0.15
TRIM22	0	2	2	1	-0.08	5.29
FLRT2	0	2	1	2	-0.08	-0.15
TRPT1	1	1	2	1	12.65	13.05
RBM43	0	2	1	1	-0.08	-0.15
ORMDL2	0	1	2	1	11.35	11.35
PTPN12	0	1	1	2	9.81	9.41
ZNF24	0	3	1	2	-0.08	6.15
F2R	0	2	1	2	-0.08	6.72
TTC12	0	2	1	2	-0.08	-0.15
DNAJC28	0	1	1	1	9.47	9.23
HSPG2	1	1	1	3	11.57	11.81
NTSR1	1	1	2	1	11.67	11.87
NDRG1	0	2	1	3	9.17	7.23
SEC16B	0	2	1	2	-0.08	-0.15
RICTOR	0	2	1	1	8.29	7.65
ARHGAP1	1	1	2	3	11.25	11.43
SRSF5	0	2	1	2	7.47	7.66
FAM196B	0	5	1	2	-0.08	-0.15
PPM1D	0	1	1	3	10.26	10.17
SRSF3	1	1	1	3	11.22	11.55
USP46	0	3	1	1	-0.08	-0.15
PPM1K	0	3	1	2	-0.08	-0.15
SRSF8	0	2	1	1	-0.08	-0.15
XDH	0	2	1	1	-0.08	-0.15
DNAJB11	0	2	1	1	4.23	4.17
CDK2AP2	1	1	2	2	12.04	12.37
PJA2	0	2	1	2	-0.08	-0.15
DALRD3	1	1	2	1	12.38	12.69
PRKAB2	0	2	1	1	7.64	7.55
PRKAB1	0	2	1	1	3.84	6.96
SIKE1	0	4	1	1	4.2	6.11
HSPA4L	0	2	1	1	-0.08	-0.15
DDR2	0	2	1	2	8.98	8.69
WASH2P	0	1	1	3	6.92	7.57
AGBL5	1	1	2	2	12.26	12.51
BAG1	0	1	1	2	10.19	9.91
VDAC2	0	1	1	1	9.79	9.7
CHMP5	0	1	1	2	10.19	9.91
SLC52A1	1	1	2	1	12.55	12.82
SLC52A2	1	1	2	3	12.94	13.41
PGBD2	0	2	1	3	0.0	0.0
CTPS1	0	2	1	2	10.46	10.57
TMEM206	0	2	1	3	7.85	7.47
FAM160B1	0	2	1	1	3.95	3.14
FAM160B2	1	1	2	2	11.05	11.35
HMGCS1	0	4	1	2	-0.08	-0.15
KIAA1324	0	1	2	2	10.44	10.22
FAM214A	0	2	1	2	-0.08	-0.15
FAM214B	1	1	2	1	11.8	12
TTYH3	1	1	1	3	11.81	12.25
SH3BP5L	0	2	2	3	-0.08	-0.15
LGALS3	0	1	1	1	9.71	8.91
RMND5A	0	3	1	1	-0.08	6.62
EIF2AK4	0	1	2	1	11.02	10.81
ADRB2	0	2	1	2	5.68	7.05
COL1A2	0	2	1	1	10.72	9.96
COL1A1	0	1	2	3	13.78	13.95
AVPI1	0	1	1	3	9.63	9.72
MYO10	0	2	1	1	8.52	7.97
TMEM156	0	1	1	1	8.9	8.34
DDIT4	0	1	1	3	10.46	10.31
CDC37L1	0	3	1	2	2.03	-0.15
CALCOCO2	0	1	2	1	11.13	11.14
PLAG1	0	3	1	2	-0.08	-0.15
PIGF	0	2	1	3	9.33	9.08
LOXL2	0	1	1	3	9.96	9.93
IL1RAP	0	2	1	2	-0.08	-0.15
CSNK1G1	0	1	1	1	10.32	9.82
RDH10	0	2	1	1	-0.08	-0.15
KANK3	0	1	2	2	11.18	11.28
WBP2	1	1	2	2	12.32	12.64
COL6A3	0	2	1	2	11.59	11.46
ATXN1	0	1	1	2	9.42	9.46
DEDD2	1	1	2	3	12.03	12.33
SEC61A1	0	1	1	2	10.7	10.67
PTGS2	0	2	1	1	-0.08	-0.15
PTGS1	0	2	2	2	9.8	9.61
MGARP	0	1	1	2	8.25	7.42
OGFRL1	0	2	1	1	-0.08	-0.15
ZFAND5	0	2	1	2	-0.08	-0.15
WDR5B	0	2	1	3	-0.08	-0.15
CREBL2	0	1	1	1	9.53	8.97
MAFF	1	1	2	1	11.85	12.12
CEP120	0	2	1	1	-0.08	-0.15
DENND3	0	1	1	2	10.34	10.2
ARHGAP22	0	3	1	3	-0.08	-0.15
ARHGAP21	0	3	1	1	4.49	-0.15
PTP4A1	0	3	1	1	-0.08	-0.15
CREBRF	0	2	1	1	9.85	9.45
HHAT	0	2	1	3	-0.08	2.66
MICALCL	0	2	1	3	10.26	10.41
MRPS6	0	1	1	1	9.88	9.42
UBR3	0	2	1	1	-0.08	-0.15
UBR2	0	1	2	1	10.25	9.97
ATG2B	0	3	1	3	5.8	6.37
NUCB1	1	1	2	3	12.32	12.6
HSDL2	0	1	1	1	8.36	8
SOCS5	0	1	1	3	9.33	9.08
BMP2	0	4	1	2	-0.08	-0.15
ACYP2	0	2	1	1	3.43	5.52
SOCS2	0	2	1	2	9.48	9.51
PPP2CB	0	1	1	2	-0.08	-0.15
WDR59	0	1	1	1	9.68	9.7
PSG4	0	3	2	2	11.05	11.04
PSG5	0	1	2	3	11.05	11.04
UQCC1	0	1	1	3	11.13	11.14
TRIM38	0	3	2	3	6.49	6.44
TRIM32	0	2	1	1	-0.08	-0.15
TRIM35	0	3	1	1	3.37	-0.15
CD151	1	1	2	2	12.85	13.34
NCKAP1	0	2	1	1	-0.08	-0.15
CHD2	0	2	1	3	8.08	7.14
CHD9	0	3	1	3	7.8	6.2
SCD	0	1	1	1	10.16	10.11
WISP1	0	2	1	3	8.37	-0.15
MNT	1	1	2	1	12	12.21
NPC1	0	1	1	1	9.65	9.39
FN3K	0	1	2	1	11.75	11.86
PSME4	0	1	1	1	7.72	7.29
RAB3GAP2	0	2	1	1	-0.08	-0.15
TTC3	0	1	1	1	9.23	8.8
TANC1	0	2	1	2	-0.08	-0.15
RHOQ	0	2	1	3	8.85	8.5
RHOU	0	2	1	3	6.76	6.75
ARPC4	0	1	2	1	10.57	10.82
DCUN1D3	0	3	1	1	9.73	9.8
DYNC1LI2	0	1	2	3	10.49	10.58
ITPR2	0	1	1	3	9.36	9.08
RHOB	0	2	1	3	7.23	-0.15
RHOA	1	1	2	1	11.79	12.09
KDSR	0	2	1	1	-0.08	4.85
TMEM64	0	5	1	1	-0.08	-0.15
TMEM68	0	3	1	1	-0.08	-0.15
ASCC3	0	5	1	1	-0.08	-0.15
IL17RE	0	1	2	1	10.71	10.93
IL17RC	0	1	2	1	10.71	10.93
KDM1B	0	2	1	2	-0.08	6.46
GAMT	1	1	2	2	12.94	13.24
GRASP	1	1	2	1	11.22	11.56
UCP2	0	1	1	2	11.05	11.04
FZD4	0	2	1	1	-0.08	-0.15
FZD6	0	2	1	3	6.22	5.02
TBRG1	0	5	2	1	-0.08	4.65
TMEM30A	0	1	1	3	9.23	8.71
SRD5A1	0	3	1	2	-0.08	-0.15
TES	0	2	1	3	8.43	8.45
APAF1	0	2	1	2	6.46	3.07
RAP2B	0	2	1	3	-0.08	-0.15
FAM49A	0	5	1	1	-0.08	-0.15
ZFP36L1	0	1	1	2	11.06	10.99
PLCD3	1	1	2	2	12.04	12.32
ADA	0	1	2	2	10.19	10.16
TGFBRAP1	0	3	1	3	3.84	3.74
BRWD1	0	3	1	1	7.11	7.12
SOS2	0	1	1	1	8.81	8.39
ITFG1	0	3	1	1	6.95	6.58
CTGF	0	2	1	2	9.98	9.43
PSMB7	0	1	1	2	10.08	10.21
PSMB6	1	1	2	2	11.81	12.15
DECR1	0	5	1	1	-0.08	-0.15
PSMB1	0	2	1	1	-0.08	-0.15
LMBR1L	1	1	2	1	12.31	12.51
TMA7	1	1	2	3	12.25	12.85
CAB39	0	2	1	2	8.63	8.16
JUND	1	1	2	3	12.03	12.38
HIST1H2AC	0	1	2	3	9.53	8.87
HIGD1A	0	2	1	2	4.84	4.93
TRIML2	0	2	1	1	-0.08	-0.15
NACC2	1	1	2	3	11.88	12.2
PLXNB2	1	1	2	2	12.21	12.63
TRAF4	1	1	2	1	11.97	12.19
KIAA0556	0	1	1	3	10.59	10.4
GTF2H5	0	1	1	2	8.85	8.04
CYGB	1	1	2	3	11.91	12.3
ABCC10	0	1	2	3	11.72	11.83
FOXN3	0	1	1	3	9.17	8.42
SDHC	0	2	2	3	9.42	8.88
PPCS	0	2	1	1	9.35	9.29
ERRFI1	0	1	1	2	11.15	10.77
IFFO2	0	2	1	2	11.44	11.41
TMCO1	0	2	1	1	-0.08	5.78
SBF2	0	2	1	1	10.63	10
ANKIB1	0	2	1	1	7.75	7.51
TM7SF3	0	1	1	1	9.17	8.77
CCDC149	0	3	1	2	1.67	6.13
SMG6	0	1	2	3	12.19	12.21
BLOC1S2	0	1	1	1	10.16	10.11
COMMD6	0	2	1	1	-0.08	-0.15
COL27A1	1	1	1	1	10.44	10.63
SLC38A1	0	2	1	2	10.32	9.59
CAMK2A	0	1	1	3	11.49	11.36
OSBPL8	0	2	1	1	8.61	7.74
OSBPL9	0	2	1	3	9.8	9.2
OSBPL2	1	1	2	1	11.11	11.31
OSBPL3	0	2	1	2	7.72	8.51
ALS2CL	1	1	1	1	10.63	11
DBNL	0	1	2	1	11.43	11.6
AKAP9	0	2	1	1	5.98	6.51
SNRNP27	0	1	1	1	8.24	7.79
STARD4	0	2	1	2	-0.08	5.66
PHPT1	1	1	2	1	12.64	13.12
NUAK1	0	2	1	1	9.63	8.55
ANO6	0	2	1	1	7.11	7.36
CELF2	0	4	1	1	-0.08	-0.15
CELF1	0	1	2	1	11.3	11.22
WDR43	0	2	1	2	7.95	8.25
WDR47	0	1	2	3	10.14	9.68
WDR48	0	2	1	1	-0.08	-0.15
PEPD	0	3	1	1	9.64	9.74
AHSA2	0	1	1	2	8.59	8.37
MN1	0	1	1	1	9.6	9.41
ALPK2	0	1	1	1	9.93	9
SENP6	0	1	1	2	7.99	7.91
UCK2	0	2	1	1	-0.08	4.74
TP53I3	0	2	1	2	8.43	8.78
SNPH	0	3	1	1	9.82	9.66
CYSTM1	0	2	2	1	9.84	10
DSE	0	2	1	3	-0.08	0.4
CSNK1A1	0	2	1	3	10.22	9.88
ERMP1	0	2	1	2	-0.08	7.09
EML2	1	1	2	2	12.16	12.46
TTC37	0	2	1	1	-0.08	2.22
WDFY2	0	2	1	1	6.84	7.42
WDFY1	0	2	1	1	7	7.92
SORT1	0	1	2	2	10.49	10.37
GFPT1	0	1	1	1	9.29	8.91
ECHDC3	0	3	1	1	-0.08	-0.15
CEP85L	0	2	1	2	-0.08	-0.15
SLC2A12	0	1	1	1	8.57	7.94
SLC2A11	0	1	2	1	10.75	10.89
DYRK3	0	2	1	3	9.69	9.62
POLR2L	1	1	2	2	12.46	12.8
RGMB	0	2	1	2	6.89	7.01
NCOA3	0	1	1	3	9.7	9.54
FAM91A1	0	1	1	2	7.8	7.83
RNF152	0	3	1	1	-0.08	-0.15
ELL2	0	1	1	2	7.98	7.07
CTF1	1	1	2	2	12.04	12.24
TMEM65	0	1	1	1	7.67	7.54
SUGCT	0	2	1	1	7.83	7.19
SLC27A4	1	1	2	1	12.24	12.51
ZFYVE27	0	1	1	3	9.63	9.72
TPCN2	1	1	1	1	11.68	12.02
AK3	0	2	1	2	-0.08	7.01
SLC17A5	0	1	1	1	10	9.8
AK1	1	1	2	1	12.3	12.65
IL21R	0	3	1	3	10.31	10.51
AK4	0	2	1	1	-0.08	-0.15
SARS	0	1	2	2	11.21	11.2
PRKD2	1	1	2	3	12.04	12.28
TRPC4AP	0	1	1	1	11.04	10.88
CHMP4A	1	1	2	2	11.69	11.89
BAX	1	1	2	3	12.46	12.83
ZNF491	0	1	2	1	11.06	11.16
COBLL1	0	5	1	2	-0.08	-0.15
DDX17	0	1	2	1	11.71	11.75
TOB1	0	1	2	3	10.98	11.04
SULF2	0	3	1	2	5.11	-0.15
KLF7	0	2	1	3	-0.08	6.2
ST5	0	1	1	1	10.22	9.94
ATP6V1B2	0	3	1	1	7.19	7.47
EFR3A	0	2	1	1	-0.08	-0.15
PGF	0	1	1	1	10.92	11.07
ARFIP2	0	3	2	1	9.9	9.61
PRSS12	0	2	1	3	-0.08	4.67
FBN2	0	5	1	2	-0.08	-0.15
FBN1	0	1	1	1	8.48	8.72
STARD4-AS1	0	2	1	2	-0.08	5.66
BRMS1L	0	3	1	1	-0.08	-0.15
MEX3B	0	2	1	3	-0.08	-0.15
RND3	0	2	1	2	9.16	8.54
SLC1A4	0	1	1	3	8.37	7.51
ATP13A3	0	2	1	1	9.28	8.9
TCAIM	0	2	1	1	6.55	7.79
LIN7A	0	5	1	1	-0.08	-0.15
MARCH4	0	2	1	2	9.7	9.55
MARCH6	0	1	1	3	6.1	6.06
MARCH2	0	1	2	2	11.43	11.52
TMEM185B	0	2	1	1	7.53	7.72
MARCH8	0	3	1	2	-0.08	-0.15
RARA	0	1	2	3	11.93	11.99
FNDC4	0	1	2	1	11.31	11.41
B3GNT8	1	3	2	2	11.86	12.12
DHRS3	0	2	2	3	9.14	8.03
DHRS1	1	1	2	2	11	11.55
NABP1	0	2	1	3	7.77	7.82
CDKN2B	0	2	1	1	1.98	7.01
TSC22D4	1	1	2	1	12.15	12.41
FCHSD2	0	1	1	1	11.49	11.65
EDEM2	0	1	1	3	11.04	10.88
YIF1A	1	1	2	1	12.75	13.12
KITLG	0	2	1	2	5.48	7.54
SNAI1	0	1	1	3	10.8	10.8
NTPCR	0	2	1	1	-0.08	-0.15
FN1	0	2	1	1	9.72	9.06
SYT1	0	5	1	1	1.98	5.87
SLC2A1	0	1	1	2	11.53	11.6
UBTD1	0	1	1	2	10.51	10.32
NFATC2	0	1	1	2	10.24	9.91
NFATC4	1	1	2	3	11	11.55
PCED1B	0	1	1	2	10.04	10.11
METRNL	1	1	1	1	11.47	11.69
HSBP1	0	3	1	1	9.07	8.78
TCP11L1	0	2	1	2	6.05	8.04
NID2	0	1	1	1	10.17	10.2
LRRTM2	0	1	1	1	9.96	9.67
RRBP1	0	1	1	1	9.78	9.49
SSC5D	1	1	2	2	11.97	12.26
BBS4	0	1	1	1	9.02	8.78
RFK	0	2	1	1	-0.08	-0.15
EPAS1	0	2	1	3	9.68	9.54
COPB2	0	5	1	1	-0.08	-0.15
BTG1	0	2	1	1	8.78	8.42
SARDH	1	1	2	2	11.5	11.81
ATP6V0A1	0	1	2	3	11.81	11.86
RALB	0	2	1	1	7.53	7.72
ATM	0	2	1	1	-0.08	6.18
RCOR3	0	2	1	1	-0.08	-0.15
STXBP3	0	2	2	2	8.57	7.95
PVR	0	1	2	3	11.73	11.86
DNAJB2	0	1	2	3	11.22	11.13
DNAJB4	0	2	1	1	8.24	7.19
LINC00346	0	1	1	3	9.53	9.1
CFLAR	0	1	1	1	9.39	9.35
E2F7	0	2	1	1	7.88	8.47
H1F0	1	1	2	3	12.36	12.65
ENO2	0	1	2	2	12.62	12.64
EIF4E2	0	2	1	1	9.89	10.1
LRRFIP1	0	2	1	1	10.63	10.57
ACOX1	1	1	2	2	12.05	12.33
IRS1	0	2	1	3	6.39	8.26
YRDC	0	2	1	3	8.33	8.94
HEXB	0	2	1	2	-0.08	5.87
LIMS1	0	2	1	2	6.29	7.03
SORBS1	0	2	1	2	-0.08	-0.15
GAL3ST4	1	1	2	2	11.72	12.16
CNIH3	0	5	1	1	9.73	9.88
RGL1	0	2	1	1	9.37	9.26
DNAJC13	0	2	1	1	-0.08	-0.15
XPR1	0	2	1	3	4.61	5.52
PRKCE	0	2	1	1	8.17	8.31
PRKCD	0	1	2	3	10.27	10.38
TANC2	0	1	1	1	10.24	9.61
CES2	1	1	2	3	11.8	12.16
LMAN1	0	1	1	1	5.82	7.02
CDK20	0	2	1	3	3.24	-0.15
CYSRT1	1	1	2	1	12.93	13.35
LMNA	1	1	2	2	12.4	12.7
SEC11C	0	1	1	2	7.32	8.22
PFKFB3	0	2	1	1	9.63	8.76
PFKFB2	0	5	1	3	4.57	7.47
PFKFB4	1	1	2	3	12.62	13.25
SCRIB	1	1	2	3	12.8	13.25
ATP6V1C1	0	2	1	3	7.49	6.74
LOC389641	0	1	1	3	10.13	10.19
VPS37D	1	1	2	1	11.08	11.43
WWP1	0	2	1	1	-0.08	-0.15
FAM3C	0	2	1	2	-0.08	6.41
TMED10	0	1	1	1	9.91	10.19
PPP1R3G	0	2	1	1	-0.08	7.17
OCIAD1	0	3	1	1	3.8	5.88
PPP1R3B	0	3	1	2	-0.08	5.94
PARD6G	0	2	1	2	0.0	0.0
TRUB1	0	2	1	1	-0.08	-0.15
MARVELD1	0	1	1	3	9.63	9.72
ZNF579	1	1	2	1	11.87	12.03
SHC4	0	2	1	2	8.93	8.73
FAM131A	1	1	2	1	11.67	12.13
SHC1	1	1	2	3	12.28	12.69
ERLEC1	0	2	1	1	-0.08	-0.15
CTSD	1	1	2	3	11.01	11.34
POSTN	0	2	1	1	-0.08	-0.15
NACAD	0	2	1	2	10.78	10.75
PCYT1A	0	1	1	1	10.37	10.39
INPP5B	0	2	1	3	9.52	9.17
TRANK1	0	2	1	3	-0.08	7.45
FKBP1A	0	1	1	2	9.62	9.36
ZNF37A	0	3	1	1	-0.08	-0.15
FBLIM1	0	2	2	1	11.59	11.73
AHNAK	1	1	2	3	11.88	12.16
AFF4	0	2	1	2	9.15	8.7
VPS37C	0	2	2	3	10.14	10.13
TIAM1	0	3	1	1	-0.08	-0.15
RRM2B	0	2	1	3	6.85	7.87
UNC50	0	3	1	1	8.53	8.65
CARD6	0	2	1	3	-0.08	-0.15
UNC5B	0	1	1	1	9.71	9.51
PDP1	0	2	1	1	-0.08	5.63
PDP2	1	1	2	3	11.29	11.38
UBA5	0	2	1	3	2.44	4.26
FRMD8	1	1	2	3	13.04	13.38
UBA3	0	2	1	1	4.12	-0.15
FRMD6	0	1	1	2	9.9	9.72
PKNOX1	0	1	1	1	10.8	10.74
UBE2H	0	1	1	1	10.09	10.33
ABCA12	0	5	1	1	-0.08	-0.15
FAM162A	0	2	1	3	-0.08	-0.15
ADAMTS2	0	2	1	1	10.92	10.71
DSCR3	0	3	1	1	9.34	9.01
ATG13	0	1	2	2	10.96	10.76
SEC14L2	1	1	2	1	11.74	12
GNG11	0	2	1	1	9.08	8.23
BTBD19	1	1	1	3	11.93	12.45
BTBD11	0	2	1	1	-0.08	-0.15
BTBD10	0	2	1	1	-0.08	-0.15
BORCS7	0	1	2	3	10.66	10.62
VPS41	0	5	1	1	-0.08	-0.15
RAB22A	0	3	1	1	8.2	8.41
WBP1L	0	1	2	3	10.85	10.9
NDUFA4	0	2	1	1	-0.08	-0.15
COMT	1	1	2	1	11.77	12.12
NCS1	1	1	1	1	11.3	11.45
MAST3	1	1	2	3	11.69	11.99
UAP1L1	1	1	2	1	12.84	13.25
VPS4B	0	2	1	1	-0.08	-0.15
GPR68	0	3	1	1	7.7	8.32
IL11	1	1	2	3	12.22	12.41
IL6	0	2	1	3	8.28	7.2
STX16	0	3	1	1	10.15	9.88
ZMIZ1	0	1	1	1	10.3	10.05
GNS	0	2	1	2	6.1	6.34
UBE2B	0	1	1	1	9.25	8.98
BPGM	0	2	1	1	6.8	6.84
JARID2	0	2	1	2	8.06	7.97
KRCC1	0	3	1	2	-0.08	-0.15
RBMS1	0	2	1	2	7.25	6.39
HIST2H2BE	0	1	2	1	11.05	10.98
AEBP2	0	1	1	1	-0.08	-0.15
LTA4H	0	2	1	1	-0.08	7.63
RB1CC1	0	3	1	1	-0.08	-0.15
KLF13	0	3	1	1	5.58	-0.15
KLF12	0	2	1	1	-0.08	-0.15
KLF10	0	1	1	1	9.04	7.35
RNF170	0	1	1	1	8.88	7.34
NSF	0	2	1	2	5.59	5.17
GBE1	0	5	1	1	-0.08	4.1
ANXA2	0	2	1	1	9.1	9.33
TPST2	0	1	1	1	9.73	9.23
ANXA4	0	1	1	1	9.49	9.44
ZBTB7B	1	1	2	3	12.28	12.69
MSI2	0	3	1	1	2.76	6.82
MEST	0	2	1	3	9.67	9.69
PCNP	0	2	1	2	7.52	7.25
DUSP14	0	1	1	1	10.6	10.54
DUSP11	0	1	2	2	8.7	8.96
SQSTM1	1	2	1	2	11.65	11.85
HS1BP3	0	2	1	2	-0.08	-0.15
RNFT1	0	1	1	1	9.56	9.31
PEX11B	0	1	1	1	11.55	11.58
C1S	0	1	2	2	10.16	9.92
TMEM167B	0	1	2	2	10.14	9.68
DHDDS	0	1	2	1	11.32	11.35
FAM198B	0	5	1	1	-0.08	-0.15
TIMP3	0	3	1	2	9.4	9.43
TIMP2	0	1	1	1	11.47	11.56
BOK	1	1	1	1	11.57	11.84
ATP9A	0	1	1	1	9.58	9.15
PI4K2A	0	1	1	3	10.01	9.94
DENND2C	0	2	1	2	-0.08	5.57
DENND2D	0	3	1	2	-0.08	-0.15
RABAC1	1	1	2	3	11.69	12.01
SUSD6	0	1	1	2	8.59	8.82
MICAL2	0	1	1	3	10.73	10.63
GPR107	0	1	1	2	10.76	10.92
RNASEL	0	2	1	2	-0.08	-0.15
TMF1	0	2	1	1	4.12	-0.15
AP1G1	0	1	1	1	9.22	9.26
TRAF3IP2-AS1	0	1	1	3	8.38	8.26
IP6K3	1	1	2	1	12.16	12.55
IP6K2	1	1	2	3	11.66	11.83
TRNP1	1	1	2	3	11.6	11.92
FBXL2	0	2	1	2	8.14	7.17
PKIA	0	2	1	1	-0.08	-0.15
NIPSNAP3A	0	2	1	1	-0.08	-0.15
DDX5	0	1	2	1	10.67	10.61
ZNF564	1	1	2	2	11.57	11.72
ZNF561	0	3	2	1	10.66	10.55
VDR	0	1	1	1	11.14	11.17
IKBIP	0	2	1	2	6.46	3.07
ZNF219	0	3	2	1	9.81	9.94
CCDC68	0	3	1	1	-0.08	6.15
NFKBIZ	0	2	1	1	5.67	6
CLTC	0	2	1	1	9.8	9.68
TMEM117	0	3	1	1	-0.08	-0.15
DACT1	0	2	1	1	7.49	6.84
STAT6	1	1	2	3	12.57	12.89
FAM118B	0	2	1	2	7.44	7.57
PGM3	0	2	1	1	-0.08	5.08
SLC26A2	0	2	1	3	11.06	10.91
FGF7	0	2	1	2	7.98	6.55
CYHR1	1	1	2	3	13.06	13.44
FGF2	0	1	1	3	7.03	6.61
FGF1	0	2	1	1	9.53	9.17
SLC25A46	0	5	1	1	-0.08	-0.15
SDC1	0	2	1	3	9.09	9.15
TNFAIP1	1	1	2	3	11.05	11.38
HTT	0	1	1	1	10.69	10.91
BEST1	1	1	2	3	11.69	11.97
NRBP2	1	1	2	3	12.8	13.25
NGF	0	3	1	1	8.43	7.52
CARS2	0	1	1	1	9.8	9.56
PXDC1	0	1	1	1	10.22	10.05
HEYL	0	2	1	1	10.85	10.72
SGCB	0	4	1	2	-0.08	-0.15
HM13	0	1	2	3	7.12	7.45
SYVN1	1	1	2	3	12.62	12.91
MAPK6	0	1	1	3	7.85	7.31
DUSP5	0	1	1	3	8.93	8.9
MAPK8	0	3	1	3	-0.08	5.37
DUSP1	0	2	1	3	11.06	11.12
ELN	0	1	1	2	11.23	11.3
PAQR7	0	1	2	1	11.37	11.35
FADS1	1	1	2	3	11.91	12.27
FADS3	1	1	2	3	11.69	11.97
FADS2	1	1	2	3	11.91	12.27
METTL8	0	2	1	3	2.76	5.15
SIL1	0	1	1	2	10.2	10.02
VPS36	0	2	1	3	3.84	4.26
WWTR1	0	2	1	1	7.96	7.77
METTL5	0	2	1	1	-0.08	-0.15
MEIS3P1	0	3	1	1	9.2	8.78
CPED1	0	2	1	1	-0.08	6
KCTD1	0	3	1	1	-0.08	-0.15
KCTD7	0	1	1	1	10.15	9.94
FAM83H	1	1	2	3	12.23	12.59
AMZ2P1	0	1	1	1	10.19	9.98
ADAM19	0	2	1	1	9.16	9.16
FAM83G	1	1	1	3	11.25	11.47
EXOC6B	0	2	1	1	8.48	9.07
CPNE3	0	2	1	1	-0.08	1.1
PLOD3	1	1	2	3	11.93	12.31
DGKQ	1	1	1	1	12.29	12.61
NRAS	0	2	1	2	4.2	6.11
DNASE2	1	1	2	1	12.21	12.57
RFTN1	0	2	1	1	-0.08	-0.15
DGKI	0	2	1	3	-0.08	5.48
DGKA	1	1	2	1	11.38	11.48
PGPEP1	1	1	2	3	12.14	12.53
SNRPN	0	3	2	1	-0.08	-0.15
EXOC2	0	2	1	2	9.39	9.11
NDEL1	0	1	2	1	10.53	10.58
CLTCL1	0	1	2	1	10.45	10.28
SHANK2	0	3	1	2	10.72	10.93
SBNO2	1	1	2	3	13.12	13.45
PLEKHM3	0	2	1	1	-0.08	-0.15
ATF3	0	2	1	3	7.89	7.8
PDPK1	1	1	2	1	12.13	12.43
SYNPO	0	2	1	2	11.18	11.05
P4HA2	0	2	1	1	10.29	10.29
VPS8	1	2	2	3	10.47	11.03
FDXR	1	1	2	1	10.49	11.44
HSBP1L1	0	1	1	1	9.44	9.19
AMZ1	1	1	1	2	11.81	12.25
AMZ2	0	2	1	1	9.4	9.45
ARHGEF17	1	1	1	1	11.94	12.22
SERP1	0	2	1	1	6.38	6.35
COL15A1	0	1	1	1	9.27	9
EDIL3	0	2	1	2	-0.08	-0.15
PTEN	0	2	1	3	8.73	8.24
ANGPTL4	0	1	2	2	11.18	11.28
PLTP	1	1	2	1	11.19	11.32
ENC1	0	2	1	2	6.96	7.09
RHBDD1	0	2	1	3	6.39	8.26
EIF5A2	0	2	1	2	7.52	7.83
KLC4	1	1	2	1	12.11	12.3
PLXNA1	1	3	1	1	11.12	11.55
MMP14	1	1	2	3	11.55	11.92
ZNF195	0	3	1	3	9.22	9.71
CDKN1A	1	1	1	3	11.32	11.98
NAA60	0	1	2	1	11.5	11.58
UBE2D3	0	2	1	3	-0.08	-0.15
UBE2D1	0	2	1	1	-0.08	-0.15
BAZ2B	0	2	1	1	-0.08	-0.15
PPP1R15A	1	1	2	3	12.32	12.6
CHCHD7	0	3	1	2	-0.08	-0.15
NFIL3	0	2	1	1	8.06	7.14
GDF15	1	1	2	3	12.14	12.53
DYNC2LI1	0	2	1	1	7.8	7.54
TSPYL1	0	2	1	3	-0.08	-0.15
ZNF229	0	3	2	2	10.79	10.77
ZC2HC1A	0	4	1	1	-0.08	-0.15
VEGFA	0	1	2	2	11.36	11.3
PLXNB1	1	1	2	3	12.25	12.85
BNIP3	0	2	1	1	7.48	7.6
ASTN2	0	2	1	1	-0.08	-0.15
MTHFD1L	0	2	1	3	-0.08	-0.15
ZNF425	0	2	1	3	9.27	9.07
FBXO32	0	1	1	1	9.32	9.25
ATXN3	0	2	1	1	7.21	4.29
NAB2	1	1	2	3	12.57	12.89
MYH16	0	1	2	1	10.93	10.98
RECK	0	1	2	2	11.04	11.09
SRGAP1	0	2	1	1	4.4	5.93
AKAP12	0	2	1	1	-0.08	-0.15
COX7A2	0	1	1	3	9.23	8.71
NEDD9	0	2	1	1	8.04	7.56
BSDC1	0	1	2	2	10.91	10.79
S100A4	1	1	2	3	10.64	11.06
S100A6	1	1	2	3	10.64	11.06
KIAA0513	0	1	1	3	11.02	11.05
MANF	0	2	2	1	8.28	8.9
TNKS1BP1	0	3	2	1	10.16	10.62
RIOK3	0	1	1	2	9.29	8.99
TMEM63B	1	1	2	3	11.67	11.77
MICALL1	1	1	2	3	12.06	12.31
ARL8B	0	2	1	3	-0.08	3.91
ARL8A	0	1	2	3	10.97	10.93
EGFR	0	2	1	1	9.1	8.22
AP1S1	1	1	2	3	12.32	12.66
TTC7A	0	1	1	3	10.08	9.67
AP1S3	0	2	1	1	-0.08	-0.15
ACER2	0	3	1	1	-0.08	-0.15
KAZN	0	2	1	2	9.79	9.72
VPS28	1	1	2	3	13.06	13.44
PEAR1	1	1	2	1	11.37	11.64
ESYT2	0	2	1	1	8.72	6.82
PELO	0	2	1	1	-0.08	5.7
JAG1	0	3	1	2	6.5	6.6
NUMBL	1	1	2	1	11.82	12.06
NDUFC1	0	1	1	2	8.25	7.42
APPBP2	0	1	1	3	9.85	9.92
PLEKHO2	0	1	1	1	10.83	10.77
TRIM2	0	2	1	1	-0.08	-0.15
ARSA	1	1	2	2	11.91	12.27
HEXA	0	1	1	2	9.43	9.39
MAPKBP1	1	1	1	1	11.83	12.13
CEPT1	0	4	1	1	-0.08	-0.15
ARSI	0	1	1	3	11.49	11.36
ANK1	0	1	1	2	9.85	9.81
PPP1R13L	1	1	2	2	12.3	12.68
PDGFRB	0	1	1	3	11.8	11.74
PTK2B	0	3	1	1	3.37	-0.15
FBLN2	0	2	1	1	-0.08	6.72
PYCR1	1	1	2	1	12.97	13.34
USP20	0	1	1	1	11.38	11.43
TMEM184C	0	2	1	1	-0.08	-0.15
ADAMTS1	0	2	1	1	6.65	5.56
HYOU1	1	1	2	1	11.65	11.94
DYNLT1	0	2	1	1	8.87	8.8
ARHGEF3	0	2	1	2	8.23	7.37
CBFB	1	1	2	3	11.31	11.21
RPL23AP53	0	3	1	2	-0.08	-0.15
MKLN1	0	2	1	3	8.69	9.22
PLXND1	0	1	1	1	11.38	11.51
CDH6	0	2	1	1	-0.08	-0.15
RAB5A	0	2	1	1	-0.08	-0.15
RAB5B	1	1	2	1	11.75	12.05
RAMP1	0	2	1	1	10.27	10.42
RPL23AP7	0	1	1	3	6.92	7.57
REV3L	0	1	1	3	8.38	8.26
SEC24C	1	1	2	2	11.17	11.25
SSH1	0	2	1	3	8.89	8.43
RNF19B	0	2	2	2	10.74	10.46
KIFC3	1	1	1	1	11.34	11.63
SCARB2	0	2	1	1	3.49	6.4
EID1	0	2	1	2	9.51	8.63
TRIP6	1	1	2	1	11.98	12.44
MRPL49	1	1	2	3	12.62	12.91
ERAP2	0	2	1	1	7.41	7.46
ERAP1	0	2	1	1	7.41	7.46
LITAF	0	1	1	3	10.77	10.63
RRAD	1	1	2	3	11.8	12.16
TRIB1	0	2	1	2	1.29	4.57
TRIB3	0	1	1	1	10.31	10.28
LAMB2	1	1	2	1	12.19	12.61
ARHGEF10L	0	2	1	2	10.64	10.74
NEK6	0	1	1	1	10.11	9.93
MT1X	0	1	2	1	11.16	11.27
ZNF160	0	3	2	1	10.41	10.33
CSRNP1	0	2	1	1	7.88	7.84
MT1L	0	1	2	1	11.16	11.27
CDC42BPG	1	1	2	2	12.56	12.95
CDC42BPB	0	1	1	2	11.32	11.41
MT1E	0	1	2	1	11.16	11.27
NUPR1	0	1	2	2	11.43	11.46
TIMMDC1	0	2	1	1	-0.08	4.29
CCDC3	0	3	1	1	5.82	5.26
BLVRA	0	2	1	2	9.39	9.02
ZNF28	0	3	2	1	10.57	10.39
MTHFD2	0	1	2	1	10.35	10.47
SH3TC2	0	2	1	2	8.33	7.16
SH3TC1	0	1	1	1	9.76	9.3
LYNX1	0	3	2	2	8.81	9.07
BBS12	0	2	1	3	7.24	7.92
NSD1	0	1	2	1	11.24	11.18
TMEM131	0	3	1	2	7.69	7.99
TMEM135	0	2	1	1	-0.08	-0.15
TBC1D10A	1	1	2	2	11.93	12.14
SPRY4	0	1	1	1	10.47	10.44
MPLKIP	0	2	1	1	7.83	7.19
TTPAL	0	1	2	1	9.41	9.32
FBXO22	0	1	1	1	9.83	9.61
FBXO25	0	3	1	3	-0.08	-0.15
VGLL3	0	2	1	1	-0.08	-0.15
NUAK2	0	2	1	3	10.02	10.26
VGLL4	0	2	1	1	7.71	7.87
RALGDS	1	1	2	3	11.59	12.06
FRMD6-AS1	0	1	1	2	9.9	9.72
NUDT18	1	1	2	2	11.05	11.35
CNNM2	0	1	2	3	10.19	10.02
LOC100507156	0	1	1	3	11.15	11.13
RTCA	0	2	1	1	6.7	5.83
STX6	0	2	1	3	-0.08	-0.15
TRAM1	0	2	1	2	-0.08	-0.15
TRAM2	0	1	1	2	8.29	8
SRXN1	0	3	1	1	8.37	8.15
SLC4A11	1	1	2	3	11.05	11.35
MEGF8	1	1	2	2	12.39	12.74
SLC5A3	0	1	1	1	9.88	9.42
LOC100506178	0	2	1	2	4.61	7.34
UBN2	0	2	1	2	5.98	7.05
IMPACT	0	1	1	1	7.16	7.42
ARNTL	0	2	1	2	8.85	9.11
PCMTD1	0	3	1	1	-0.08	2.75
CDC42EP3	0	1	1	3	10.06	9.63
CDC42EP2	1	1	2	3	12.66	12.89
CARD10	1	1	2	2	12.02	12.26
MGAT5	0	2	1	1	-0.08	3.27
GLRX	0	1	1	2	8.87	7.79
CALD1	0	2	1	1	8.95	8.33
VAMP1	0	1	2	3	11.97	12.03
VAMP5	0	1	1	2	11.43	11.3
CHST14	1	1	2	3	11.51	11.77
FEZ1	0	2	1	2	2.31	5.87
CSTF3	0	2	1	2	8.42	8.66
TGFBI	0	2	1	3	10.4	9.96
ABCC3	1	1	2	1	11.76	12.06
POU2F2	1	1	2	3	12.02	12.32
GNPTAB	0	2	1	2	-0.08	1.58
FCHO2	0	1	1	1	9.09	8.17
PODXL	0	2	1	1	8.55	6.64
CAV2	0	2	1	1	9.55	9.1
TMEM2	0	2	1	1	-0.08	-0.15
GPR37	0	5	1	1	-0.08	5.88
IRF2BP2	0	2	1	3	9.48	8.9
CLN8	0	3	1	1	5.3	-0.15
ANKRD46	0	2	1	1	5.49	7.22
AQP3	0	1	1	3	10.61	10.62
IRF9	1	1	2	1	11.44	11.77
JAK1	0	2	1	1	5.79	5.11
IRF2BPL	0	1	1	3	9.59	9.59
USP38	0	2	1	1	-0.08	-0.15
RFNG	1	1	2	2	13.11	13.5
USP34	0	1	1	1	9.16	7.84
SHMT2	1	1	2	3	12.99	13.42
ADCY7	0	2	1	1	9.83	9.78
PLD1	0	2	1	2	7.56	7.05
PLD2	1	1	2	2	11.81	12.15
RNF185	1	1	2	3	11.4	11.53
LIMA1	0	1	2	2	11.13	10.94
PPFIBP1	0	1	1	1	9.89	9.37
RUNX1	0	1	1	3	10.25	10.09
BMPR2	0	1	1	1	9.05	7.97
RNF215	1	1	2	2	11.74	12
STX3	0	3	1	1	1.56	6.42
MED20	0	1	1	2	10.03	10.29
HRAS	1	1	2	1	12.5	12.89
DOCK6	1	1	2	1	12	12.26
DOCK7	0	2	1	1	-0.08	-0.15
TNFRSF12A	1	1	2	2	12.57	12.94
SMURF1	0	1	2	1	10.59	10.61
SMURF2	0	1	1	1	11.21	11.08
TNRC18	1	1	1	3	12	12.27
JUN	0	2	1	3	8.88	8.58
TRIAP1	0	1	2	3	11.05	11.08
YARS	0	1	2	3	10.67	10.5
SYT16	0	3	1	1	-0.08	-0.15
FIBCD1	1	1	1	1	11.26	11.46
FAM98C	1	1	2	2	11.61	11.97
EPHB3	1	2	2	2	10.78	11.33
PLCB4	0	2	1	1	6.45	6.2
ESPNL	0	2	1	2	10.47	10.6
TP53INP1	0	2	1	1	-0.08	4.44
DSP	0	2	1	1	-0.08	-0.15
LAMC2	0	2	1	3	9.74	9.03
LAMC1	0	2	1	2	9.19	9.17
LOC286059	0	1	1	3	10.93	10.94
RPSAP52	0	2	1	3	9.39	9.02
RHBDF2	1	1	2	1	11.91	12.3
ATP6V1G1	0	1	1	1	9.61	9.51
PPP2R5A	0	2	1	1	7.41	7.07
PPP2R5B	1	1	2	3	12.47	12.75
GPR176	0	1	2	1	11.02	10.81
MSMO1	0	2	1	1	-0.08	-0.15
TBX3	0	2	1	3	8.52	8.12
MOB3A	1	1	2	3	12.87	13.25
KCNA7	1	1	2	3	12.25	12.58
ZNF783	0	2	1	3	9.32	9.31
OPTN	0	1	1	1	7.74	8.75
JMJD4	0	2	1	2	8.66	9.06
FHL2	0	2	1	3	3.84	3.74
RPS26	1	1	2	1	11.75	12.05
ITPRIPL2	0	3	1	1	10.07	10.36
PHC2	0	2	1	1	10.03	10.21
UCHL1	0	3	1	2	-0.08	-0.15
ATL1	0	1	1	1	9.28	9.03
RUSC2	0	3	2	3	11.42	11.41
RUSC1	1	1	2	1	12.02	12.29
SLC35D2	0	2	1	1	8.85	6.99
PPIB	0	1	1	1	10.36	10.13
HMGXB3	0	2	1	2	11.06	10.91
NECAP2	1	1	2	3	11.08	11.47
SGIP1	0	2	1	3	6.99	7.46
YES1	0	3	1	1	-0.08	-0.15
SMOX	0	1	1	1	11.08	11.07
FAS	0	2	1	1	7.69	7.85
VPS33A	0	1	1	1	10.93	10.83
ZCCHC6	0	2	1	2	-0.08	-0.15
OSR1	0	5	1	1	-0.08	6.31
MRGPRF	1	1	1	1	11.68	12.02
CHADL	1	1	2	3	11.6	11.76
AP4E1	0	1	1	1	9.01	8.26
GTPBP2	0	1	2	3	11.65	11.68
TMBIM4	0	2	1	2	-0.08	6.88
TMBIM1	0	1	2	2	11.35	11.44
ARID3A	1	1	2	2	12.77	13.1
EPM2AIP1	0	2	1	3	-0.08	7.45
PICALM	0	2	1	1	8.85	8.48
HECTD3	1	2	1	1	10.74	11.14
PLK3	1	1	1	3	11.93	12.45
PLK2	0	2	1	2	-0.08	-0.15
S100A11	0	3	2	3	9.44	9.61
S100A10	0	2	2	3	9.44	9.61
MRC2	0	1	1	2	10.92	10.95
ANAPC16	0	1	1	3	10.46	10.31
CYBRD1	0	2	1	2	6.5	7.34
SIAE	0	2	2	1	8.07	8.28
CAPN2	0	2	1	2	10.37	10.48
CAPN1	1	1	2	3	12.38	12.71
PAG1	0	2	1	1	-0.08	-0.15
SEPT11	0	1	1	3	7.32	8.62
RCAN3	0	1	1	3	10.7	10.9
RAP1B	0	2	1	3	8.04	7.53
HTR7	0	2	1	1	-0.08	-0.15
KLHL5	0	1	1	1	8.25	7.72
RAP1A	0	2	1	1	8.03	7.53
SLC4A5	0	1	2	1	10.81	10.95
STC2	0	2	1	1	9.94	9.38
PXDN	0	2	1	3	8.32	6.44
PKIG	0	1	2	2	10.21	9.97
MAMDC4	1	1	2	1	12.64	13.12
MAMDC2	0	3	1	2	6.88	8.22
ROBO4	0	2	2	1	9.17	7.8
FAXDC2	0	2	1	2	9.49	7.91
SPRYD7	0	2	1	2	6.9	7.22
KBTBD7	0	1	1	1	-0.08	6.46
LOC730101	0	3	1	2	8.29	8
ZBTB38	0	2	1	3	9.65	8.92
PCBP4	1	1	2	2	11.21	11.48
GRAMD4	0	1	1	1	10.55	10.39
TMEM9B	0	1	1	3	9.93	9.99
LZTS2	1	1	1	1	11.38	11.84
PROCR	0	1	1	2	11.08	10.82
KLHL36	0	1	1	1	11.24	11.16
NBR1	0	1	2	2	11.29	11.24
PVT1	0	2	1	3	7.68	7.66
SPATA18	0	4	1	2	-0.08	-0.15
PLEC	1	1	2	3	13.36	13.84
KIF3A	0	2	1	1	10.11	9.64
POMGNT1	0	2	2	2	10.96	10.84
RBM24	0	2	1	1	8.82	8.36
TRHDE-AS1	0	2	1	1	-0.08	6.93
CLDN14	0	1	1	1	9.83	9.5
EPHA4	0	2	1	1	-0.08	4.49
EPHA2	1	1	2	3	11.92	12.39
ME1	0	2	1	1	-0.08	-0.15
TBK1	0	1	1	2	8.98	8.19
TBC1D2	0	1	1	2	10.4	10.48
HLA-C	0	1	2	3	11.32	11.44
AGTRAP	1	2	1	1	11.07	11.42
CITED4	0	1	1	3	10.76	10.75
CHST11	0	2	1	1	9.05	8.78
MTHFR	1	2	1	1	11.43	11.67
FMN1	0	2	1	3	8.05	8.13
SYNE1	0	5	1	1	-0.08	-0.15
VAMP4	0	2	1	3	3.62	6.34
SEMA3C	0	2	1	3	7.19	7.09
PAIP2	0	1	1	2	10.46	10.36
TBC1D22B	0	1	1	3	10.62	10.35
STEAP3	0	3	1	2	-0.08	-0.15
DESI2	0	2	1	1	6.24	6.17
RPS19	1	3	2	2	11.95	12.43
LATS2	0	1	1	3	7.91	7.94
UBASH3B	0	1	1	2	8.89	8.67
GRHL3	0	1	1	3	10.94	10.94
OSMR	0	2	1	1	8.22	8.55
TG	0	2	1	3	2.03	-0.15
NR3C1	0	2	1	3	9.07	8.17
RRAGC	0	2	1	1	7.03	7.36
GLIPR1	0	2	1	1	6.59	6.51
RASA1	0	2	1	2	-0.08	3.21
RASA2	0	2	1	3	8.05	8.01
RASA3	1	1	1	3	11.58	11.93
PTPRU	0	2	1	1	9.07	9.41
SLC40A1	0	2	1	2	7.48	7.52
TINF2	1	1	2	2	11.69	11.89
MMP2	0	3	1	1	6.39	-0.15
PTPRF	1	1	1	1	11.95	12.25
PTPRE	0	2	1	1	-0.08	-0.15
EIF2S2	0	1	1	1	10.65	10.47
PTPRB	0	2	1	1	-0.08	-0.15
PGAP1	0	2	1	1	-0.08	5.71
IFT20	1	1	2	3	11.05	11.38
STK10	0	2	1	3	10.23	10.05
STK11	1	1	2	2	12.92	13.34
MXRA8	1	1	2	2	13.19	13.52
CPQ	0	2	1	1	7.33	6.96
PPP4R3A	0	3	1	1	-0.08	5.97
APBB2	0	2	1	1	-0.08	2.92
APBB3	0	2	2	1	9.69	9.86
ANXA2P2	0	1	1	2	9.68	9.38
DMPK	1	1	2	1	12.42	12.74
WDR6	1	1	2	1	12.38	12.69
NDUFB2	0	2	1	3	-0.08	-0.15
ABLIM3	0	2	1	2	8.33	7.16
GATA6	0	1	1	1	7.59	7.27
SNAP23	0	1	1	1	10.72	10.6
CCND1	1	1	1	3	11.93	12.3
CCND2	0	3	1	3	-0.08	5.2
PIDD1	1	1	2	2	12.85	13.34
LACTB	0	1	1	2	11.16	10.99
ATP6V1D	0	1	1	1	4.09	7.12
RPS27L	0	1	1	2	10.17	10.14
ATP6V1H	0	3	1	2	7.56	5.82
SFXN3	1	1	1	2	11.38	11.84
CRIPT	0	2	1	3	9.33	9.08
SERPINE1	1	1	2	3	12.32	12.66
SERPINE2	0	2	1	2	4.67	7.84
PANK1	0	2	1	1	-0.08	5.37
CD27-AS1	0	1	2	3	11.97	12.03
SOX12	0	1	1	1	10.21	10.19
KCNMA1	0	1	1	3	9.58	9.1
NAALADL2	0	2	1	1	-0.08	-0.15
AXL	1	1	2	3	11.85	12.02
SNX30	0	1	1	2	9.14	9
SNX33	1	1	2	1	11.51	11.96
PDLIM4	0	2	1	1	10.29	10.29
IRGQ	1	1	2	2	11.55	11.9
PDLIM1	0	2	1	2	-0.08	3.65
HEATR5A	0	2	1	1	4.11	7.51
HEATR5B	0	1	1	1	-0.08	6.01
MARS	1	1	2	2	12.24	12.49
INSIG2	0	4	1	1	-0.08	-0.15
RPL23AP82	1	1	2	1	11.34	11.76
PSAP	0	1	1	1	10.35	10.27
ZC3H6	0	1	1	1	8.39	7.82
GPX1	1	1	2	2	11.74	11.99
PRDM1	0	2	1	3	6.61	7.64
FLNB	0	1	1	1	10.59	10.5
ANKRA2	0	1	1	1	8.96	7.96
EIF4A2	0	2	1	1	6.97	7.01
KLHL20	0	2	1	2	6.37	5.78
TMEM80	1	1	2	2	12.5	12.89
CROT	0	2	1	3	-0.08	6.24
TNFRSF10C	0	1	1	3	10.64	10.77
TNFRSF10B	0	1	1	3	10.93	10.94
TNFRSF10A	0	1	1	3	10.13	10.19
HGSNAT	0	3	1	3	-0.08	6.29
TNFRSF10D	0	1	1	3	10.64	10.77
TRIM55	0	3	1	3	7.05	8.58
RNASET2	0	2	1	1	-0.08	-0.15
POLH	0	1	2	3	11.65	11.68
NDUFV3	0	1	1	1	10.59	10.27
HIC2	0	2	2	2	9.36	9.56
CROCCP3	1	1	2	3	11.08	11.47
RBM12	0	1	1	1	11.26	11.02
TM9SF2	0	2	1	1	4.33	-0.15
RBM18	0	2	2	1	9.68	9.91
LAMA1	0	3	1	1	-0.08	-0.15
NAT9	1	3	2	1	10.55	11.12
ARVCF	1	1	2	1	11.93	12.36
FAM96B	1	1	2	3	11.8	12.16
MXRA7	1	1	2	3	11.7	11.87
GRAMD1B	0	2	1	1	6.97	7.98
CTNNB1	0	2	1	1	-0.08	-0.15
CMBL	0	1	1	2	6.49	5.28
TRIOBP	1	1	2	3	12.36	12.65
NR4A1	1	1	2	1	11.22	11.56
ABCA1	0	2	1	3	8.26	6.76
MT2A	0	1	2	1	11.16	11.27
SDC4	0	3	2	3	10.01	10.08
EI24	0	2	1	2	2.31	5.87
KIAA2026	0	2	1	2	5.67	6.18
BAALC	0	2	1	3	6.74	7.41
ZNF12	0	2	1	1	8.19	7.93
TM4SF1	0	2	1	2	7.77	7.94
SELPLG	0	1	1	2	10	9.76
LMCD1	0	2	1	1	5.95	4.41
HMGCL	1	1	1	1	10.95	11.1
CNOT8	0	2	1	2	9.49	7.91
RYBP	0	3	1	1	-0.08	-0.15
AARS2	1	1	2	3	10.74	11.21
SIPA1L2	0	2	1	1	-0.08	-0.15
HSD17B4	0	2	1	2	-0.08	-0.15
ITGB1	0	1	1	2	9.65	9.64
ITGB5	0	1	1	1	10.4	10.15
LTBP1	0	3	1	2	-0.08	-0.15
RTN4	0	1	1	1	9.54	9.09
ARPC2	0	1	2	2	10.98	11.05
MCFD2	0	1	1	3	10.08	9.67
SLC35F5	0	3	1	3	5.38	6.52
IER5	0	2	1	3	7.95	8.49
MYO6	0	2	1	2	-0.08	4.41
DKK1	0	3	1	1	-0.08	-0.15
ZNF468	0	3	2	1	10.55	10.29
ZNF469	1	1	2	3	11.94	12.24
CMTM3	0	1	2	1	10.54	10.71
CMTM6	0	2	1	1	7.41	7.25
FAM126A	0	2	1	2	7.99	7.13
FAM126B	0	1	1	1	8.78	7.67
MLPH	0	2	1	1	11.19	11.26
TSPAN10	1	1	2	1	12.71	12.98
TSPAN11	0	4	1	1	4.65	5.76
ZFPM1	1	1	2	3	11.94	12.24
TSPAN14	0	2	1	2	-0.08	-0.15
MAB21L1	0	4	1	1	-0.08	-0.15
HPS1	0	2	1	1	7.01	7.25
SLC25A16	0	1	1	2	9.75	9.04
RASAL2	0	2	1	2	7.17	6.52
SLC12A4	1	1	2	3	12.32	12.75
P3H2	0	2	1	1	5.13	7.19
METTL7A	0	1	1	1	10.23	10.09
EXT2	0	3	1	1	4.02	7.15
EXT1	0	2	1	1	-0.08	-0.15
XYLT1	0	3	1	1	9.4	9.56
HTATIP2	0	5	1	2	-0.08	-0.15
STK17A	0	1	1	2	9.44	9.15
IAH1	0	1	1	2	9	8.99
NOS1AP	0	3	2	1	7.91	8.67
YIPF5	0	2	1	1	-0.08	-0.15
DDAH1	0	2	1	2	10.38	10.13
TCTA	1	1	2	1	11.79	12.09
PDXK	1	1	2	1	10.85	11.06
SNX7	0	5	1	3	-0.08	-0.15
SNX6	0	1	1	2	10	9.47
CRELD2	1	1	2	1	11.27	11.5
SNX9	0	2	1	1	9.59	9.05
SNX8	1	1	1	3	11.63	11.85
ARL4C	0	2	1	3	10.14	9.77
CHMP2A	1	1	1	3	0.0	0.0
ITPKC	1	1	2	1	11.82	12.06
GCC2	0	2	1	2	-0.08	4.57
CLDN1	0	2	1	1	-0.08	-0.15
ORAI3	1	1	2	2	12.2	12.48
GALNT5	0	5	1	1	-0.08	-0.15
BCAR1	0	1	1	3	11.16	11
GALNT2	0	2	1	2	-0.08	-0.15
COMTD1	0	1	1	1	9.79	9.7
SNX29	0	1	1	3	10.18	10
HDAC5	1	1	2	3	12.07	12.46
HDAC9	0	2	1	1	2.03	0.79
ZFHX3	0	2	1	2	9.14	8.43
ZFHX2	0	3	2	2	10.17	10.41
TRIP11	0	2	1	1	6.49	7.28
MXD1	0	1	1	1	9.28	9.32
NLRP1	0	3	2	1	10.06	10.05
TMEM150A	0	1	1	2	11.43	11.3
RAB10	0	1	1	1	9.88	9.72
LYST	0	2	1	2	3.49	6.7
RAB14	0	2	1	3	9.78	9.92
TNFSF4	0	2	1	2	9.1	8.44
KLHL12	0	1	1	2	10.35	10.34
LYSMD4	0	2	1	1	-0.08	-0.15
RAB1A	0	1	1	2	8.02	7.1
DAB2IP	0	1	1	3	9.83	9.55
MIR100HG	0	2	1	1	8.7	8.96
TRIM62	0	2	1	1	9.19	8.46
NAT14	1	1	2	2	11.97	12.26
TRIM66	0	2	1	1	9.93	9.92
MIR210HG	1	1	2	1	12.7	12.99
CD109	0	1	1	1	10	9.8
SHOC2	0	2	1	1	4.09	3.33
AMIGO2	0	2	1	1	10.13	10.04
IGIP	0	2	2	1	9.54	9.76
ERCC1	1	1	2	2	12.3	12.68
LCAT	1	1	2	3	12.32	12.75
DKK3	0	1	1	3	10.52	10.35
NLRP10	0	2	1	1	6.48	7.51
LYL1	1	1	2	2	12.41	12.71
BBC3	1	1	2	3	11.7	11.9
CEBPB	0	1	1	3	11.3	11.14
SERTAD2	0	2	1	3	8.3	8.69
NDRG3	0	1	1	1	10.8	10.79
LOXL4	0	2	1	1	4.73	6.87
MZF1	1	1	1	3	0.0	0.0
RALGAPB	0	1	1	1	9.99	9.73
PRR5	0	1	1	3	10.4	10.44
PHKB	0	3	1	1	6.95	6.58
KDM4C	0	2	1	1	-0.08	-0.15
RABGGTA	1	1	2	2	11	11.55
ABCB6	0	1	2	3	11.69	11.72
MFSD8	0	2	1	1	-0.08	5.23
STARD9	0	1	1	1	10.7	10.58
ZC3H7A	0	1	1	3	10.66	10.6
TPP1	0	2	2	1	9.72	9.58
MFSD3	1	1	2	3	13.06	13.44
WARS	0	1	2	1	10.5	10.84
CTNNA1	0	1	1	1	10.28	10.14
MCC	0	2	1	3	-0.08	-0.15
NOTCH1	1	1	2	3	12.56	13
NOTCH2	0	1	1	2	8.58	8.21
NOTCH3	1	1	2	2	11.71	11.92
SSR1	0	2	1	2	-0.08	-0.15
GOLGB1	0	2	1	1	-0.08	-0.15
TCTEX1D4	1	1	1	3	11.93	12.45
PMAIP1	0	2	1	2	6.79	6.2
TPBG	0	2	1	1	7.52	5.66
LURAP1L	0	2	1	1	-0.08	-0.15
BLCAP	0	1	1	1	10.12	10.06
PTENP1	0	1	1	3	9.5	9.48
SLC30A1	0	2	1	1	8.64	8.23
CERS5	0	1	2	2	11.13	10.94
BHLHE40	0	2	1	3	-0.08	6.24
GADD45A	0	2	1	3	9.31	9.38
RORA	0	3	1	1	-0.08	-0.15
NXPE3	0	2	1	1	1.86	3.07
KLHDC10	0	1	1	1	9.7	9.87
ADM2	1	1	2	2	12.58	13
FAM210B	0	3	1	1	-0.08	-0.15
GM2A	0	2	1	1	9.1	9.04
CNN3	0	2	1	1	9.35	8.33
HDAC11	0	2	1	2	4.86	-0.15
MYO5A	0	2	1	3	6.73	6.66
CHAC1	1	1	2	1	11.71	11.71
SYNC	0	1	2	1	11.06	11.1
MIR320A	1	1	2	3	11.18	11.45
TNFRSF14	1	2	2	2	11.33	11.72
FAM13C	0	2	1	1	-0.08	-0.15
MAML2	0	2	1	1	7.3	6.24
TWSG1	0	1	1	1	8.68	7.78
PIK3IP1	0	1	2	3	11.34	11.5
FNDC3B	0	2	1	1	8.34	8.48
ROMO1	0	1	1	1	11.26	11.02
TUBB6	0	1	1	3	9.87	9.79
TNFRSF1A	1	1	2	3	11.99	12.08
NYNRIN	1	1	2	3	10.74	10.83
MKNK2	1	1	2	3	12.87	13.25
PSTPIP2	0	1	1	1	-0.08	3.39
BCAS4	0	1	1	3	10.53	10.39
CD9	0	1	2	3	11.3	11.41
DRAM1	0	2	1	2	-0.08	1.58
APH1B	0	1	1	3	10.1	9.86
CD82	0	3	1	2	9.56	9.44
MARK4	1	1	2	2	11.93	12.26
STOX2	0	2	1	1	-0.08	-0.15
LINC00294	0	2	1	2	6.05	8.04
DPM1	0	1	1	2	10.22	10.2
BNIP3L	0	3	1	1	-0.08	7.33
SMTN	1	1	2	3	11.86	12.25
TMEM87B	0	1	1	1	9.27	8.97
LRP1	1	1	2	3	12.57	12.89
NEAT1	1	1	2	3	13.04	13.38
GALNT11	0	2	1	3	7.24	7.44
PLXNA2	0	5	1	3	-0.08	-0.15
CDS2	0	3	1	1	9.45	8.7
CHURC1	0	1	1	1	6.18	8.03
LINC00475	0	1	1	3	9.8	9.59
TMTC1	0	3	1	1	8.07	7.58
HARS2	0	2	2	1	9.57	9.93
CDH13	0	3	1	1	8.41	8.5
CDH15	1	1	2	3	12.03	12.3
MAP4K4	0	1	1	2	8.26	7.6
LIMK2	0	1	2	3	11.34	11.5
SPATA20	1	1	2	1	11.91	12.25
UCN2	1	1	2	3	12.62	13.25
BCL9L	1	1	2	1	11.74	12.15
FAM180A	0	2	1	1	7.54	7.45
PLEKHF1	0	3	1	1	9.79	8.87
BRI3	0	2	1	2	10.38	10.69
NRG1	0	3	1	1	-0.08	-0.15
HSPB2	0	2	1	1	8.74	7.91
CLEC11A	0	3	2	1	11.31	11.46
PSAT1	0	2	1	1	-0.08	-0.15
TOM1L2	0	1	1	1	11.5	11.56
YIF1B	1	1	2	2	11.59	11.81
SLFN5	0	3	2	2	6.55	7.61
BCL2L1	0	1	2	3	10.35	10.35
DNAH10	0	1	2	1	10.39	10.33
TMOD2	0	2	1	1	8.04	7.56
EDEM1	0	2	1	3	-0.08	3.91
ZNF79	1	1	2	3	11.88	12.12
APLP2	0	2	1	1	8.86	7.83
PBXIP1	1	1	2	3	11.89	12.07
GSN	0	1	1	3	9.78	9.92
GLI2	0	1	1	3	9.84	9.09
MMADHC	0	2	1	1	-0.08	4.47
NAV1	0	1	2	3	10.99	11.04
GOLGA2	1	1	2	1	12.27	12.65
GOLGA4	0	2	1	1	8.44	7.88
GOLGA5	0	2	1	1	-0.08	7.5
PTBP3	0	1	1	3	9.49	8.63
ISCU	0	2	1	1	10	9.76
FNTA	0	3	1	3	7.56	4.52
SCAMP1	0	2	1	1	6.26	5.93
HK1	0	1	1	1	10.23	10.21
TSPAN4	1	1	2	2	12.46	12.8
TSPAN9	0	1	1	2	10.07	9.76
ELFN1	1	1	1	1	11.25	11.5
ELFN2	1	1	2	3	11.88	12.26
KCTD11	1	1	2	1	12.51	12.82
ZNF441	0	1	2	1	11.06	11.16
CSPG4	1	1	2	2	11.51	11.96
ZKSCAN1	1	1	2	2	11.15	11.39
ALDH1L2	0	2	1	2	9.35	8.95
KDM5B	0	1	1	2	10.5	10.38
LRP10	1	1	2	3	11.72	11.89
AFAP1L2	0	2	1	1	-0.08	-0.15
DCP1B	0	1	1	1	9.85	9.39
SLC25A32	0	2	1	2	8.09	8.1
FAM177A1	0	1	1	1	9.37	7.97
TMEM106A	0	1	2	2	12.14	12.23
THBS2	0	2	1	2	-0.08	-0.15
CPA4	0	1	1	3	10	9.89
THBS1	0	1	1	2	11.76	11.73
PPME1	0	1	1	2	10.28	9.79
SAMD8	0	1	1	1	9.44	9.12
ZNF281	0	2	1	2	8.98	8.94
GYS1	1	1	2	3	12.46	12.83
HEXIM1	1	1	2	2	12.04	12.32
TRIP4	0	1	1	1	10.32	9.82
ETV6	0	2	1	1	7.88	7.94
OSBP	0	2	1	1	8.83	8.34
LRRC15	0	2	1	1	9.38	9.23
TMEM50B	0	1	1	1	9.47	9.23
BTBD3	0	3	1	1	-0.08	-0.15
EHD4	1	1	1	1	11.33	11.54
EHD3	0	2	1	1	-0.08	-0.15
EHD1	1	1	2	2	12.47	12.75
USP15	0	4	1	1	-0.08	-0.15
STOM	0	2	1	3	10.3	10.2
CCNG2	0	3	1	3	-0.08	2.08
ABL2	0	2	1	1	7.07	7.73
TMED7	0	2	1	1	-0.08	-0.15
BAIAP2L1	0	2	1	2	9.82	9.7
PML	0	1	2	1	11.11	11.03
PDCD4	0	2	1	1	-0.08	-0.15
TSKU	0	1	1	1	10.5	10.47
ARL6IP5	0	2	1	1	4.12	-0.15
HMGA2	0	2	1	3	9.39	9.02
ARFGEF1	0	3	1	2	-0.08	-0.15
PSPH	0	2	1	1	6.82	6.73
ID3	1	1	1	3	11.62	11.91
ID1	0	1	2	3	10.26	10.49
ANKRD33B	0	2	1	3	6.92	5.02
LOC284454	1	1	2	3	12.21	12.44
UTP3	0	2	2	2	3.93	5.11
SRC	0	1	1	2	10.88	10.83
VCAN	0	2	1	1	-0.08	-0.15
SLC33A1	0	2	1	1	-0.08	-0.15
ELF1	0	2	1	1	-0.08	4.17
SEC31A	0	1	1	1	8.05	7.73
XBP1	0	1	1	1	10.16	10.02
ANKRD1	0	2	1	1	-0.08	5.95
AHDC1	1	1	2	1	11.62	11.98
ZBTB43	0	1	1	1	10.35	10.62
DISP2	1	1	2	3	12.06	12.35
MTA2	1	1	2	3	12.28	12.53
SRA1	0	2	2	1	9.23	8.88
LONP2	0	3	1	1	6	5.29
PDGFA	1	1	1	3	11.51	11.83
PDGFC	0	2	1	2	-0.08	-0.15
PDIA6	0	2	1	2	9.13	8.81
PDIA4	0	2	1	3	8.67	8.98
AP5Z1	1	1	1	1	11.16	11.51
PLAT	0	1	1	1	10.57	10.4
GPC1	1	2	1	2	11.04	11.84
RAB3D	1	1	2	1	11.96	12.2
LUZP1	0	1	1	1	11.01	10.75
RAB3A	1	1	2	3	12.07	12.27
ARMC5	0	3	2	1	11.57	11.64
BBS9	0	2	1	1	6.16	4.72
BBS2	0	1	2	1	10.32	10.24
SLC7A11	0	2	1	1	-0.08	-0.15
GDNF	0	3	1	3	7.93	7.53
WNT16	0	2	1	2	-0.08	6.41
ESM1	0	2	1	2	7.38	7.7
